# Matter power spectrum P(k) at redshift z=45
# for k=1.02901e-05 to 20.064 h/Mpc,
# number of wavenumbers equal to 630
#    1:k (h/Mpc)              2:P (Mpc/h)^3        
       1.029007511648e-05       3.894248680174e-02 
       1.052976175673e-05       3.981508666682e-02 
       1.077503141605e-05       4.070724698000e-02 
       1.102601413965e-05       4.161939093132e-02 
       1.128284300189e-05       4.255197171184e-02 
       1.154565417684e-05       4.350544694636e-02 
       1.181458701046e-05       4.448029016998e-02 
       1.208978409449e-05       4.547697638579e-02 
       1.237139134208e-05       4.649599180450e-02 
       1.265955806511e-05       4.753784319192e-02 
       1.295443705340e-05       4.860304147060e-02 
       1.325618465569e-05       4.969210790565e-02 
       1.356496086254e-05       5.080557731169e-02 
       1.388092939120e-05       5.194399650215e-02 
       1.420425777236e-05       5.310792456961e-02 
       1.453511743901e-05       5.429793320420e-02 
       1.487368381732e-05       5.551460647663e-02 
       1.522013641966e-05       5.675854188627e-02 
       1.557465893979e-05       5.803035505005e-02 
       1.593743935025e-05       5.933066098119e-02 
       1.630867000201e-05       6.066010283476e-02 
       1.668854772648e-05       6.201933415276e-02 
       1.707727393985e-05       6.340902156441e-02 
       1.747505474991e-05       6.482984810379e-02 
       1.788210106530e-05       6.628251113047e-02 
       1.829862870738e-05       6.776772405844e-02 
       1.872485852461e-05       6.928621621137e-02 
       1.916101650968e-05       7.083873325501e-02 
       1.960733391933e-05       7.242603752944e-02 
       2.006404739696e-05       7.404890883138e-02 
       2.053139909810e-05       7.570814361347e-02 
       2.100963681881e-05       7.740455622763e-02 
       2.149901412705e-05       7.913898063452e-02 
       2.199979049715e-05       8.091226828656e-02 
       2.251223144738e-05       8.272528971777e-02 
       2.303660868071e-05       8.457893510528e-02 
       2.357320022888e-05       8.647411498549e-02 
       2.412229059985e-05       8.841175947375e-02 
       2.468417092858e-05       9.039282043632e-02 
       2.525913913148e-05       9.241827038922e-02 
       2.584750006429e-05       9.448910401562e-02 
       2.644956568376e-05       9.660633760576e-02 
       2.706565521306e-05       9.877101161369e-02 
       2.769609531102e-05       1.009841885381e-01 
       2.834122024530e-05       1.032469551750e-01 
       2.900137206970e-05       1.055604224781e-01 
       2.967690080545e-05       1.079257263720e-01 
       3.036816462683e-05       1.103440282213e-01 
       3.107553005107e-05       1.128165153907e-01 
       3.179937213266e-05       1.153444018669e-01 
       3.254007466228e-05       1.179289287949e-01 
       3.329803037021e-05       1.205713651397e-01 
       3.407364113459e-05       1.232730082658e-01 
       3.486731819451e-05       1.260351846072e-01 
       3.567948236807e-05       1.288592502969e-01 
       3.651056427545e-05       1.317465918530e-01 
       3.736100456728e-05       1.346986267559e-01 
       3.823125415827e-05       1.377168044060e-01 
       3.912177446626e-05       1.408026065518e-01 
       4.003303765691e-05       1.439575480608e-01 
       4.096552689403e-05       1.471831777275e-01 
       4.191973659575e-05       1.504810795084e-01 
       4.289617269668e-05       1.538528715790e-01 
       4.389535291618e-05       1.573002091554e-01 
       4.491780703282e-05       1.608247855265e-01 
       4.596407716530e-05       1.644283299739e-01 
       4.703471805991e-05       1.681126126516e-01 
       4.813029738460e-05       1.718794403449e-01 
       4.925139603005e-05       1.757306627231e-01 
       5.039860841760e-05       1.796681689049e-01 
       5.157254281443e-05       1.836938942814e-01 
       5.277382165611e-05       1.878098126824e-01 
       5.400308187657e-05       1.920179453938e-01 
       5.526097524585e-05       1.963203570383e-01 
       5.654816871568e-05       2.007191586426e-01 
       5.786534477307e-05       2.052165108524e-01 
       5.921320180219e-05       2.098146173881e-01 
       6.059245445469e-05       2.145157390570e-01 
       6.200383402857e-05       2.193221796554e-01 
       6.344808885598e-05       2.242362988538e-01 
       6.492598469993e-05       2.292605067315e-01 
       6.643830516036e-05       2.343972705340e-01 
       6.798585208961e-05       2.396491072515e-01 
       6.956944601753e-05       2.450185969035e-01 
       7.118992658660e-05       2.505083742803e-01 
       7.284815299705e-05       2.561211297542e-01 
       7.454500446247e-05       2.618596174122e-01 
       7.628138067599e-05       2.677266523414e-01 
       7.805820228724e-05       2.737251109822e-01 
       7.987641139056e-05       2.798579379049e-01 
       8.173697202450e-05       2.861281410740e-01 
       8.364087068292e-05       2.925387936873e-01 
       8.558911683809e-05       2.990930402284e-01 
       8.758274347592e-05       3.057940935857e-01 
       8.962280764363e-05       3.126452400718e-01 
       9.171039101025e-05       3.196498386035e-01 
       9.384660044012e-05       3.268113232852e-01 
       9.603256857975e-05       3.341332034058e-01 
       9.826945445837e-05       3.416190699486e-01 
       1.005584441025e-04       3.492725901907e-01 
       1.029007511648e-04       3.570975156380e-01 
       1.052976175673e-04       3.650976801834e-01 
       1.077503141605e-04       3.732770039379e-01 
       1.102601413965e-04       3.816394939194e-01 
       1.128284300189e-04       3.901892461991e-01 
       1.154565417684e-04       3.989304480130e-01 
       1.181458701046e-04       4.078673834943e-01 
       1.208978409449e-04       4.170044246035e-01 
       1.237139134208e-04       4.263460471712e-01 
       1.265955806511e-04       4.358968229812e-01 
       1.295443705340e-04       4.456614281379e-01 
       1.325618465569e-04       4.556446405927e-01 
       1.356496086254e-04       4.658513449198e-01 
       1.388092939120e-04       4.762865355955e-01 
       1.420425777236e-04       4.869553165427e-01 
       1.453511743901e-04       4.978629039786e-01 
       1.487368381732e-04       5.090146324734e-01 
       1.522013641966e-04       5.204159528616e-01 
       1.557465893979e-04       5.320724376307e-01 
       1.593743935025e-04       5.439897823062e-01 
       1.630867000201e-04       5.561738094992e-01 
       1.668854772648e-04       5.686304684504e-01 
       1.707727393985e-04       5.813658425083e-01 
       1.747505474991e-04       5.943861481392e-01 
       1.788210106530e-04       6.076977387133e-01 
       1.829862870738e-04       6.213071087451e-01 
       1.872485852461e-04       6.352208946971e-01 
       1.916101650968e-04       6.494458800002e-01 
       1.960733391933e-04       6.639889989434e-01 
       2.006404739696e-04       6.788573365388e-01 
       2.053139909810e-04       6.940581327198e-01 
       2.100963681881e-04       7.095987881379e-01 
       2.149901412705e-04       7.254868647596e-01 
       2.199979049715e-04       7.417300910316e-01 
       2.251223144738e-04       7.583363646813e-01 
       2.303660868071e-04       7.753137555237e-01 
       2.357320022888e-04       7.926705096836e-01 
       2.412229059985e-04       8.104150526729e-01 
       2.468417092858e-04       8.285559944114e-01 
       2.525913913148e-04       8.471021321528e-01 
       2.584750006429e-04       8.660624543839e-01 
       2.644956568376e-04       8.854461435085e-01 
       2.706565521306e-04       9.052625817149e-01 
       2.769609531102e-04       9.255213537663e-01 
       2.834122024530e-04       9.462322509965e-01 
       2.900137206970e-04       9.674052777862e-01 
       2.967690080545e-04       9.890506508414e-01 
       3.036816462683e-04       1.011178806640e+00 
       3.107553005106e-04       1.033800407206e+00 
       3.179937213266e-04       1.056926339873e+00 
       3.254007466228e-04       1.080567726356e+00 
       3.329803037021e-04       1.104735923629e+00 
       3.407364113459e-04       1.129442529582e+00 
       3.486731819451e-04       1.154699388136e+00 
       3.567948236807e-04       1.180518593260e+00 
       3.651056427545e-04       1.206912492274e+00 
       3.736100456728e-04       1.233893692813e+00 
       3.823125415827e-04       1.261475064175e+00 
       3.912177446626e-04       1.289669746709e+00 
       4.003303765691e-04       1.318491150366e+00 
       4.096552689403e-04       1.347952964050e+00 
       4.191973659575e-04       1.378069159568e+00 
       4.289617269668e-04       1.408853992206e+00 
       4.389535291618e-04       1.440322011464e+00 
       4.491780703282e-04       1.472488060527e+00 
       4.596407716530e-04       1.505367282994e+00 
       4.703471805991e-04       1.538975129472e+00 
       4.813029738460e-04       1.573327355120e+00 
       4.925139603005e-04       1.608440033252e+00 
       5.039860841760e-04       1.644329551869e+00 
       5.157254281443e-04       1.681012621286e+00 
       5.277382165611e-04       1.718506278598e+00 
       5.400308187657e-04       1.756827891110e+00 
       5.526097524585e-04       1.795995158281e+00 
       5.654816871568e-04       1.836026119300e+00 
       5.786534477307e-04       1.876939153131e+00 
       5.921320180219e-04       1.918752980896e+00 
       6.059245445469e-04       1.961486675792e+00 
       6.200383402857e-04       2.005159658445e+00 
       6.344808885598e-04       2.049791700758e+00 
       6.492598469993e-04       2.095402934655e+00 
       6.643830516036e-04       2.142013841354e+00 
       6.798585208961e-04       2.189645269839e+00 
       6.956944601753e-04       2.238318421817e+00 
       7.118992658660e-04       2.288054864418e+00 
       7.284815299705e-04       2.338876525167e+00 
       7.454500446247e-04       2.390805687569e+00 
       7.628138067599e-04       2.443865003857e+00 
       7.805820228724e-04       2.498077478095e+00 
       7.987641139056e-04       2.553466476282e+00 
       8.173697202450e-04       2.610055719193e+00 
       8.364087068292e-04       2.667869274324e+00 
       8.558911683809e-04       2.726931559896e+00 
       8.758274347592e-04       2.787267343122e+00 
       8.962280764363e-04       2.848901714118e+00 
       9.171039101025e-04       2.911860095332e+00 
       9.384660044012e-04       2.976168250153e+00 
       9.603256857974e-04       3.041852232422e+00 
       9.826945445837e-04       3.108938412799e+00 
       1.005584441025e-03       3.177453446475e+00 
       1.029007511648e-03       3.247424268371e+00 
       1.052976175673e-03       3.318878085662e+00 
       1.077503141605e-03       3.391842348301e+00 
       1.102601413965e-03       3.466344743168e+00 
       1.128284300189e-03       3.542413163799e+00 
       1.154565417684e-03       3.620075703676e+00 
       1.181458701046e-03       3.699360618467e+00 
       1.208978409449e-03       3.780296317805e+00 
       1.237139134208e-03       3.862911313838e+00 
       1.265955806511e-03       3.947234254683e+00 
       1.295443705340e-03       4.033293786537e+00 
       1.325618465569e-03       4.121118626229e+00 
       1.356496086254e-03       4.210729753359e+00 
       1.388092939120e-03       4.302159609903e+00 
       1.420425777236e-03       4.395440162435e+00 
       1.453511743901e-03       4.490599765428e+00 
       1.487368381732e-03       4.587666613274e+00 
       1.522013641966e-03       4.686668657458e+00 
       1.557465893979e-03       4.787633534584e+00 
       1.593743935025e-03       4.890588579719e+00 
       1.630867000201e-03       4.995560675257e+00 
       1.668854772648e-03       5.102576241362e+00 
       1.707727393985e-03       5.211661190163e+00 
       1.747505474991e-03       5.322840800243e+00 
       1.788210106530e-03       5.436139606217e+00 
       1.829862870738e-03       5.551581515929e+00 
       1.872485852461e-03       5.669189471096e+00 
       1.916101650968e-03       5.788985553150e+00 
       1.960733391933e-03       5.910990726502e+00 
       2.006404739696e-03       6.035224992390e+00 
       2.053139909810e-03       6.161707063356e+00 
       2.100963681881e-03       6.290454259214e+00 
       2.149901412705e-03       6.421482600431e+00 
       2.199979049715e-03       6.554806689092e+00 
       2.251223144738e-03       6.690439299141e+00 
       2.303660868071e-03       6.828391585486e+00 
       2.357320022888e-03       6.968672829072e+00 
       2.412229059985e-03       7.111290507644e+00 
       2.468417092858e-03       7.256249615588e+00 
       2.525913913148e-03       7.403553524353e+00 
       2.584750006429e-03       7.553202969938e+00 
       2.644956568376e-03       7.705196308699e+00 
       2.706565521306e-03       7.859529256051e+00 
       2.769609531101e-03       8.016195529911e+00 
       2.834122024530e-03       8.175185266530e+00 
       2.900137206970e-03       8.336485911794e+00 
       2.967690080545e-03       8.500082692799e+00 
       3.036816462683e-03       8.665957169083e+00 
       3.107553005106e-03       8.834087173825e+00 
       3.179937213266e-03       9.004449371840e+00 
       3.254007466228e-03       9.177014761073e+00 
       3.329803037021e-03       9.351751949663e+00 
       3.407364113458e-03       9.528626820837e+00 
       3.486731819451e-03       9.707601065608e+00 
       3.567948236807e-03       9.888632613843e+00 
       3.651056427545e-03       1.007167595566e+01 
       3.736100456728e-03       1.025668355024e+01 
       3.823125415827e-03       1.044360125291e+01 
       3.912177446626e-03       1.063237391610e+01 
       4.003303765691e-03       1.082294257525e+01 
       4.096552689403e-03       1.101524339658e+01 
       4.191973659575e-03       1.120920821561e+01 
       4.289617269668e-03       1.140477035380e+01 
       4.389535291618e-03       1.160185205901e+01 
       4.491780703282e-03       1.180037755039e+01 
       4.596407716530e-03       1.200026759643e+01 
       4.703471805991e-03       1.220143566259e+01 
       4.813029738460e-03       1.240379373715e+01 
       4.925139603005e-03       1.260725306363e+01 
       5.039860841760e-03       1.281171475967e+01 
       5.157254281443e-03       1.301708332311e+01 
       5.277382165610e-03       1.322325550525e+01 
       5.400308187657e-03       1.343012161825e+01 
       5.526097524585e-03       1.363757903873e+01 
       5.654816871568e-03       1.384550669436e+01 
       5.786534477307e-03       1.405378681481e+01 
       5.921320180219e-03       1.426229946154e+01 
       6.059245445469e-03       1.447091840363e+01 
       6.200383402857e-03       1.467950249187e+01 
       6.344808885598e-03       1.488791657337e+01 
       6.492598469993e-03       1.509601015963e+01 
       6.643830516036e-03       1.530364150859e+01 
       6.798585208961e-03       1.551064747984e+01 
       6.956944601753e-03       1.571685845537e+01 
       7.118992658660e-03       1.592210813995e+01 
       7.284815299705e-03       1.612620587487e+01 
       7.454500446247e-03       1.632897267903e+01 
       7.628138067599e-03       1.653020999802e+01 
       7.805820228724e-03       1.672970510863e+01 
       7.987641139056e-03       1.692725348997e+01 
       8.173697202450e-03       1.712261546573e+01 
       8.364087068292e-03       1.731558181851e+01 
       8.558911683809e-03       1.750590364101e+01 
       8.758274347592e-03       1.769332959648e+01 
       8.962280764363e-03       1.787760678668e+01 
       9.171039101025e-03       1.805847944033e+01 
       9.384660044012e-03       1.823567509658e+01 
       9.603256857974e-03       1.840892142281e+01 
       9.826945445837e-03       1.857794507228e+01 
       1.005584441025e-02       1.874244000417e+01 
       1.029007511648e-02       1.890213102389e+01 
       1.052976175673e-02       1.905672574077e+01 
       1.077503141605e-02       1.920590625387e+01 
       1.102601413965e-02       1.934937114623e+01 
       1.128284300189e-02       1.948680907709e+01 
       1.154565417684e-02       1.961790719549e+01 
       1.181458701046e-02       1.974233511646e+01 
       1.208978409449e-02       1.985976520777e+01 
       1.237139134208e-02       1.996985496785e+01 
       1.265955806511e-02       2.007228354595e+01 
       1.295443705340e-02       2.016669846355e+01 
       1.325618465569e-02       2.025275041320e+01 
       1.356496086254e-02       2.033010771042e+01 
       1.388092939120e-02       2.039841968084e+01 
       1.420425777236e-02       2.045732956706e+01 
       1.453511743901e-02       2.050651800822e+01 
       1.487368381732e-02       2.054562934138e+01 
       1.522013641966e-02       2.057435396035e+01 
       1.557465893979e-02       2.059237387936e+01 
       1.593743935025e-02       2.059936249397e+01 
       1.630867000201e-02       2.059504716314e+01 
       1.668854772648e-02       2.057913075939e+01 
       1.707727393985e-02       2.055133925897e+01 
       1.747505474991e-02       2.051143341666e+01 
       1.788210106530e-02       2.045915602400e+01 
       1.829862870738e-02       2.039432099919e+01 
       1.872485852461e-02       2.031676436733e+01 
       1.916101650968e-02       2.022627482679e+01 
       1.960733391933e-02       2.012274435350e+01 
       2.006404739696e-02       2.000614368441e+01 
       2.053139909810e-02       1.987637934114e+01 
       2.100963681881e-02       1.973343186169e+01 
       2.149901412705e-02       1.957737017516e+01 
       2.199979049715e-02       1.940829061809e+01 
       2.251223144738e-02       1.922630111092e+01 
       2.303660868071e-02       1.903162890712e+01 
       2.357320022888e-02       1.882441054244e+01 
       2.412229059985e-02       1.860510423432e+01 
       2.468417092858e-02       1.837399848484e+01 
       2.525913913148e-02       1.813146607717e+01 
       2.584750006429e-02       1.787813359201e+01 
       2.644956568376e-02       1.761444484102e+01 
       2.706565521306e-02       1.734107657824e+01 
       2.769609531101e-02       1.705877533895e+01 
       2.834122024530e-02       1.676815112656e+01 
       2.900137206970e-02       1.647015899196e+01 
       2.967690080545e-02       1.616558281968e+01 
       3.036816462683e-02       1.585554634193e+01 
       3.107553005106e-02       1.554083517699e+01 
       3.179937213266e-02       1.522257981303e+01 
       3.254007466228e-02       1.490198424395e+01 
       3.329803037021e-02       1.457988586295e+01 
       3.407364113458e-02       1.425746252048e+01 
       3.486731819451e-02       1.393602990191e+01 
       3.567948236807e-02       1.361661065061e+01 
       3.651056427545e-02       1.330042334921e+01 
       3.736100456728e-02       1.298858915644e+01 
       3.823125415827e-02       1.268214820883e+01 
       3.912177446626e-02       1.238223813187e+01 
       4.003303765691e-02       1.208978741770e+01 
       4.096552689403e-02       1.180584685248e+01 
       4.191973659575e-02       1.153105860751e+01 
       4.289617269668e-02       1.126632044100e+01 
       4.389535291618e-02       1.101221893302e+01 
       4.491780703282e-02       1.076919747352e+01 
       4.596407716530e-02       1.053761776233e+01 
       4.703471805991e-02       1.031774115871e+01 
       4.813029738460e-02       1.010954501846e+01 
       4.925139603005e-02       9.912855010534e+00 
       5.039860841760e-02       9.727335315964e+00 
       5.157254281443e-02       9.552448028567e+00 
       5.277382165610e-02       9.387439706575e+00 
       5.400308187657e-02       9.231306460828e+00 
       5.526097524585e-02       9.082923984131e+00 
       5.654816871568e-02       8.940911238038e+00 
       5.786534477307e-02       8.803701313850e+00 
       5.921320180219e-02       8.669562399358e+00 
       6.059245445469e-02       8.536642771078e+00 
       6.200383402857e-02       8.402972756972e+00 
       6.344808885598e-02       8.266581718925e+00 
       6.492598469993e-02       8.125441994354e+00 
       6.643830516036e-02       7.977669348742e+00 
       6.798585208961e-02       7.821526566829e+00 
       6.956944601753e-02       7.655533937267e+00 
       7.118992658660e-02       7.478535462051e+00 
       7.284815299705e-02       7.289795703104e+00 
       7.454500446247e-02       7.089075514432e+00 
       7.628138067599e-02       6.876674687874e+00 
       7.805820228724e-02       6.653478449824e+00 
       7.987641139056e-02       6.420966542316e+00 
       8.173697202450e-02       6.181159173541e+00 
       8.364087068292e-02       5.936619187991e+00 
       8.558911683809e-02       5.690291211808e+00 
       8.758274347592e-02       5.445411553441e+00 
       8.962280764363e-02       5.205365314731e+00 
       9.171039101025e-02       4.973503291990e+00 
       9.384660044012e-02       4.752973642042e+00 
       9.603256857974e-02       4.546564377296e+00 
       9.826945445837e-02       4.356516682803e+00 
       1.005584441025e-01       4.184456083164e+00 
       1.029007511648e-01       4.031227511097e+00 
       1.052976175673e-01       3.896829177157e+00 
       1.077503141605e-01       3.780443733179e+00 
       1.102601413965e-01       3.680364211627e+00 
       1.128284300189e-01       3.594030395465e+00 
       1.154565417684e-01       3.518168400327e+00 
       1.181458701046e-01       3.448888703810e+00 
       1.208978409449e-01       3.381944734026e+00 
       1.237139134208e-01       3.313002389481e+00 
       1.265955806511e-01       3.238045827170e+00 
       1.295443705340e-01       3.153783371832e+00 
       1.325618465569e-01       3.058038436046e+00 
       1.356496086254e-01       2.950075133834e+00 
       1.388092939120e-01       2.830736145732e+00 
       1.420425777236e-01       2.702432235101e+00 
       1.453511743901e-01       2.568856766259e+00 
       1.487368381732e-01       2.434552567462e+00 
       1.522013641966e-01       2.304334050085e+00 
       1.557465893979e-01       2.182755697478e+00 
       1.593743935025e-01       2.073431889897e+00 
       1.630867000201e-01       1.978660535991e+00 
       1.668854772648e-01       1.899164155777e+00 
       1.707727393985e-01       1.833966908817e+00 
       1.747505474991e-01       1.780516144797e+00 
       1.788210106530e-01       1.735002073393e+00 
       1.829862870738e-01       1.693168731898e+00 
       1.872485852461e-01       1.650364094200e+00 
       1.916101650968e-01       1.602154000506e+00 
       1.960733391933e-01       1.545926236653e+00 
       2.006404739696e-01       1.481272365329e+00 
       2.053139909810e-01       1.410078470291e+00 
       2.100963681881e-01       1.335964337815e+00 
       2.149901412705e-01       1.263170672117e+00 
       2.199979049715e-01       1.195516446484e+00 
       2.251223144738e-01       1.135816387846e+00 
       2.303660868071e-01       1.085415696318e+00 
       2.357320022888e-01       1.043887367285e+00 
       2.412229059985e-01       1.009140189152e+00 
       2.468417092858e-01       9.776974844243e-01 
       2.525913913148e-01       9.459258260072e-01 
       2.584750006429e-01       9.111454528574e-01 
       2.644956568376e-01       8.723065986130e-01 
       2.706565521306e-01       8.301303957214e-01 
       2.769609531101e-01       7.868593119768e-01 
       2.834122024530e-01       7.454827421175e-01 
       2.900137206970e-01       7.084795699213e-01 
       2.967690080545e-01       6.767594418102e-01 
       3.036816462683e-01       6.495182938591e-01 
       3.107553005106e-01       6.249632477928e-01 
       3.179937213266e-01       6.009505037641e-01 
       3.254007466228e-01       5.757651505300e-01 
       3.329803037021e-01       5.490214909568e-01 
       3.407364113458e-01       5.217426280367e-01 
       3.486731819451e-01       4.954519897561e-01 
       3.567948236807e-01       4.714060052919e-01 
       3.651056427545e-01       4.500925928371e-01 
       3.736100456728e-01       4.308518348545e-01 
       3.823125415827e-01       4.124304102802e-01 
       3.912177446626e-01       3.939881680368e-01 
       4.003303765691e-01       3.753327883436e-01 
       4.096552689403e-01       3.569155016645e-01 
       4.191973659575e-01       3.395016155403e-01 
       4.289617269668e-01       3.234167118845e-01 
       4.389535291618e-01       3.085516953666e-01 
       4.491780703282e-01       2.944880035485e-01 
       4.596407716530e-01       2.807146480953e-01 
       4.703471805991e-01       2.671742926384e-01 
       4.813029738460e-01       2.540757579199e-01 
       4.925139603005e-01       2.417585499195e-01 
       5.039860841760e-01       2.302704322265e-01 
       5.157254281443e-01       2.193513248441e-01 
       5.277382165610e-01       2.087955266848e-01 
       5.400308187657e-01       1.985708820832e-01 
       5.526097524585e-01       1.888346902045e-01 
       5.654816871568e-01       1.796173190706e-01 
       5.786534477307e-01       1.708896015817e-01 
       5.921320180219e-01       1.625306709779e-01 
       6.059245445469e-01       1.545136046738e-01 
       6.200383402857e-01       1.468581608554e-01 
       6.344808885598e-01       1.395934486764e-01 
       6.492598469993e-01       1.326894201664e-01 
       6.643830516036e-01       1.260881301643e-01 
       6.798585208961e-01       1.197943279787e-01 
       6.956944601753e-01       1.137997187257e-01 
       7.118992658660e-01       1.080997887570e-01 
       7.284815299705e-01       1.026736476825e-01 
       7.454500446247e-01       9.749834175844e-02 
       7.628138067599e-01       9.257422453800e-02 
       7.805820228724e-01       8.789235646612e-02 
       7.987641139056e-01       8.343365999790e-02 
       8.173697202450e-01       7.918869295289e-02 
       8.364087068292e-01       7.515270100464e-02 
       8.558911683809e-01       7.131520033544e-02 
       8.758274347592e-01       6.766327710165e-02 
       8.962280764363e-01       6.418997976008e-02 
       9.171039101025e-01       6.088879966774e-02 
       9.384660044012e-01       5.775137932024e-02 
       9.603256857974e-01       5.476952713590e-02 
       9.826945445837e-01       5.193574789240e-02 
       1.005584441025e+00       4.924274221982e-02 
       1.029007511647e+00       4.668411168345e-02 
       1.052976175673e+00       4.425325946661e-02 
       1.077503141605e+00       4.194425881154e-02 
       1.102601413965e+00       3.975142043130e-02 
       1.128284300189e+00       3.766922022291e-02 
       1.154565417684e+00       3.569243239658e-02 
       1.181458701046e+00       3.381592271432e-02 
       1.208978409449e+00       3.203483433768e-02 
       1.237139134208e+00       3.034454019180e-02 
       1.265955806511e+00       2.874023161487e-02 
       1.295443705340e+00       2.721777307649e-02 
       1.325618465569e+00       2.577369457698e-02 
       1.356496086254e+00       2.440387299077e-02 
       1.388092939120e+00       2.310451009529e-02 
       1.420425777236e+00       2.187208933516e-02 
       1.453511743901e+00       2.070373792784e-02 
       1.487368381732e+00       1.959602774629e-02 
       1.522013641966e+00       1.854554472498e-02 
       1.557465893979e+00       1.754999938378e-02 
       1.593743935025e+00       1.660612150682e-02 
       1.630867000201e+00       1.571169759990e-02 
       1.668854772648e+00       1.486416036761e-02 
       1.707727393985e+00       1.406108267393e-02 
       1.747505474991e+00       1.330013050467e-02 
       1.788210106530e+00       1.257939212805e-02 
       1.829862870738e+00       1.189653151811e-02 
       1.872485852461e+00       1.124987776122e-02 
       1.916101650968e+00       1.063755909045e-02 
       1.960733391933e+00       1.005761964435e-02 
       2.006404739696e+00       9.508512639301e-03 
       2.053139909810e+00       8.988662464723e-03 
       2.100963681881e+00       8.496556516754e-03 
       2.149901412705e+00       8.030762550133e-03 
       2.199979049715e+00       7.589898404995e-03 
       2.251223144738e+00       7.172680397985e-03 
       2.303660868071e+00       6.777835457423e-03 
       2.357320022888e+00       6.404240645756e-03 
       2.412229059985e+00       6.050808602218e-03 
       2.468417092858e+00       5.716437419934e-03 
       2.525913913148e+00       5.400121703695e-03 
       2.584750006429e+00       5.100912916266e-03 
       2.644956568376e+00       4.817971715116e-03 
       2.706565521306e+00       4.550385994007e-03 
       2.769609531101e+00       4.297353215524e-03 
       2.834122024530e+00       4.058086885331e-03 
       2.900137206970e+00       3.831892620498e-03 
       2.967690080545e+00       3.618035923875e-03 
       3.036816462683e+00       3.415882463200e-03 
       3.107553005106e+00       3.224810397569e-03 
       3.179937213266e+00       3.044224400149e-03 
       3.254007466228e+00       2.873531676217e-03 
       3.329803037021e+00       2.712247590128e-03 
       3.407364113458e+00       2.559843574091e-03 
       3.486731819451e+00       2.415840020373e-03 
       3.567948236806e+00       2.279788895892e-03 
       3.651056427545e+00       2.151264568417e-03 
       3.736100456728e+00       2.029843814540e-03 
       3.823125415827e+00       1.915172546644e-03 
       3.912177446626e+00       1.806876396824e-03 
       4.003303765691e+00       1.704579244683e-03 
       4.096552689403e+00       1.607981066111e-03 
       4.191973659575e+00       1.516756089455e-03 
       4.289617269668e+00       1.430644232532e-03 
       4.389535291618e+00       1.349335123176e-03 
       4.491780703282e+00       1.272557147459e-03 
       4.596407716530e+00       1.200084443630e-03 
       4.703471805991e+00       1.131672945791e-03 
       4.813029738460e+00       1.067097047005e-03 
       4.925139603005e+00       1.006159879354e-03 
       5.039860841760e+00       9.486378157145e-04 
       5.157254281443e+00       8.943539891467e-04 
       5.277382165610e+00       8.431399139423e-04 
       5.400308187657e+00       7.948017652654e-04 
       5.526097524585e+00       7.492005723168e-04 
       5.654816871568e+00       7.061760288385e-04 
       5.786534477307e+00       6.655921895278e-04 
       5.921320180219e+00       6.273007308442e-04 
       6.059245445469e+00       5.911808899228e-04 
       6.200383402857e+00       5.571129925921e-04 
       6.344808885598e+00       5.249823296249e-04 
       6.492598469993e+00       4.946781293667e-04 
       6.643830516036e+00       4.661002397990e-04 
       6.798585208961e+00       4.391512246345e-04 
       6.956944601753e+00       4.137386081577e-04 
       7.118992658660e+00       3.897786751414e-04 
       7.284815299705e+00       3.671876036362e-04 
       7.454500446247e+00       3.458895715615e-04 
       7.628138067599e+00       3.258101501143e-04 
       7.805820228724e+00       3.068825860060e-04 
       7.987641139056e+00       2.890410302654e-04 
       8.173697202450e+00       2.722227590985e-04 
       8.364087068292e+00       2.563723353407e-04 
       8.558911683809e+00       2.414327715099e-04 
       8.758274347592e+00       2.273535687019e-04 
       8.962280764363e+00       2.140855187495e-04 
       9.171039101025e+00       2.015833189194e-04 
       9.384660044012e+00       1.898019883380e-04 
       9.603256857974e+00       1.787018950586e-04 
       9.826945445837e+00       1.682437156030e-04 
       1.005584441025e+01       1.583896789534e-04 
       1.029007511647e+01       1.491068855304e-04 
       1.052976175673e+01       1.403621622572e-04 
       1.077503141605e+01       1.321243466833e-04 
       1.102601413965e+01       1.243642109339e-04 
       1.128284300189e+01       1.170555857566e-04 
       1.154565417684e+01       1.101716066695e-04 
       1.181458701046e+01       1.036880267814e-04 
       1.208978409449e+01       9.758268176242e-05 
       1.237139134208e+01       9.183275565529e-05 
       1.265955806511e+01       8.641822083317e-05 
       1.295443705340e+01       8.131933064836e-05 
       1.325618465569e+01       7.651838186710e-05 
       1.356496086254e+01       7.199820143460e-05 
       1.388092939120e+01       6.774211085594e-05 
       1.420425777236e+01       6.373540296260e-05 
       1.453511743901e+01       5.996316102549e-05 
       1.487368381732e+01       5.641186018839e-05 
       1.522013641966e+01       5.306927689863e-05 
       1.557465893979e+01       4.992259436852e-05 
       1.593743935025e+01       4.696054149957e-05 
       1.630867000201e+01       4.417308937861e-05 
       1.668854772648e+01       4.154925157594e-05 
       1.707727393985e+01       3.907968285993e-05 
       1.747505474991e+01       3.675574969379e-05 
       1.788210106530e+01       3.456879212528e-05 
       1.829862870738e+01       3.251075773579e-05 
       1.872485852461e+01       3.057401183225e-05 
       1.916101650968e+01       2.875159496260e-05 
       1.960733391933e+01       2.703709199304e-05 
       2.006404739696e+01       2.542385777154e-05 
