# P(k) from ics_swift_n256_z45_L500.hdf5
# BoxSize=500 Mpc/h  N=16777216  ngrid=256
# P_shot = 7.4506e+00 (Mpc/h)^3  (NOT subtracted; shown separately)
# Columns: k[h/Mpc]  P_raw[(Mpc/h)^3]  P_shot_sub[(Mpc/h)^3]  sigma_P  nmodes
1.256637e-02 8.680824e+00 1.230244e+00 2.583126e+00 5
1.777153e-02 1.487342e+01 7.422839e+00 1.323407e+00 8
2.176559e-02 1.648070e+01 9.030120e+00 4.614105e+00 4
2.513274e-02 2.747224e+00 -4.703357e+00 1.763493e+00 5
2.809926e-02 1.617560e+01 8.725022e+00 2.903897e+00 16
3.078120e-02 1.381984e+01 6.369259e+00 3.069882e+00 12
3.700918e-02 1.111953e+01 3.668952e+00 1.771247e+00 25
4.093980e-02 6.647870e+00 -8.027110e-01 1.008514e+00 32
4.677164e-02 8.750756e+00 1.300175e+00 1.049576e+00 45
5.455596e-02 1.039835e+01 2.947773e+00 1.051928e+00 100
6.310209e-02 8.288263e+00 8.376826e-01 7.313884e-01 101
7.137980e-02 7.987890e+00 5.373092e-01 6.269994e-01 165
8.125763e-02 6.171413e+00 -1.279167e+00 3.665622e-01 236
9.345305e-02 4.744356e+00 -2.706225e+00 2.625998e-01 393
1.079502e-01 3.744303e+00 -3.706277e+00 1.557020e-01 602
1.243977e-01 3.159918e+00 -4.290662e+00 1.031353e-01 897
1.431913e-01 2.573103e+00 -4.877477e+00 7.037265e-02 1334
1.644103e-01 1.978682e+00 -5.471898e+00 4.551907e-02 2005
1.885170e-01 1.606128e+00 -5.844453e+00 2.966708e-02 2946
2.162352e-01 1.256422e+00 -6.194159e+00 1.988293e-02 4507
2.484396e-01 9.520753e-01 -6.498505e+00 1.126302e-02 6875
2.858189e-01 7.279940e-01 -6.722587e+00 7.258097e-03 10523
3.285940e-01 5.546684e-01 -6.895912e+00 4.479090e-03 15727
3.772528e-01 4.228213e-01 -7.027759e+00 2.759853e-03 23568
4.333387e-01 3.143276e-01 -7.136253e+00 1.671326e-03 36069
4.979597e-01 2.399077e-01 -7.210673e+00 1.034599e-03 54410
5.719238e-01 1.776368e-01 -7.272944e+00 6.263612e-04 82046
6.569042e-01 1.317394e-01 -7.318841e+00 3.739363e-04 124483
7.545695e-01 9.721159e-02 -7.353369e+00 2.268331e-04 188240
