# P(k) from ics_swift_n512_z45_L500.hdf5
# BoxSize=500 Mpc/h  N=134217728  ngrid=512
# P_shot = 9.3132e-01 (Mpc/h)^3  (NOT subtracted; shown separately)
# Columns: k[h/Mpc]  P_raw[(Mpc/h)^3]  P_shot_sub[(Mpc/h)^3]  sigma_P  nmodes
1.256637e-02 8.680453e+00 7.749130e+00 2.583027e+00 5
1.777153e-02 1.487348e+01 1.394215e+01 1.323404e+00 8
2.176559e-02 1.648132e+01 1.555000e+01 4.614291e+00 4
2.739295e-02 1.297752e+01 1.204620e+01 2.574541e+00 21
3.078120e-02 1.381969e+01 1.288836e+01 3.069774e+00 12
3.700918e-02 1.111875e+01 1.018743e+01 1.770983e+00 25
4.239610e-02 6.616645e+00 5.685323e+00 8.459413e-01 48
5.060813e-02 9.757119e+00 8.825797e+00 1.082641e+00 77
5.880485e-02 9.625636e+00 8.694313e+00 9.324916e-01 97
6.913574e-02 8.304030e+00 7.372707e+00 5.575341e-01 204
8.086392e-02 6.166355e+00 5.235032e+00 3.589756e-01 253
9.540443e-02 4.491332e+00 3.560010e+00 2.159012e-01 514
1.125580e-01 3.544385e+00 2.613063e+00 1.347131e-01 749
1.320509e-01 3.028431e+00 2.097108e+00 8.507270e-02 1198
1.549887e-01 2.135128e+00 1.203806e+00 4.860688e-02 1958
1.823424e-01 1.716404e+00 7.850814e-01 3.087960e-02 3194
2.142557e-01 1.273385e+00 3.420628e-01 1.888605e-02 5071
2.520277e-01 9.226817e-01 -8.640910e-03 9.920559e-03 8403
2.966336e-01 6.737141e-01 -2.576085e-01 5.976032e-03 13520
3.487460e-01 4.949399e-01 -4.363827e-01 3.376105e-03 21808
4.098548e-01 3.523178e-01 -5.790048e-01 1.887691e-03 35262
4.818912e-01 2.524033e-01 -6.789193e-01 1.064650e-03 57498
5.664900e-01 1.794075e-01 -7.519151e-01 5.961559e-04 92727
6.657923e-01 1.257447e-01 -8.055779e-01 3.253364e-04 150485
7.826395e-01 8.769120e-02 -8.436314e-01 1.795127e-04 244322
9.200831e-01 6.103306e-02 -8.702895e-01 9.808517e-05 396627
1.081661e+00 4.221649e-02 -8.891061e-01 5.314138e-05 643610
1.271573e+00 2.921100e-02 -9.021116e-01 2.895215e-05 1044544
1.494758e+00 2.013631e-02 -9.111863e-01 1.569779e-05 1694859
